Name	MW     #rot modes sigma  Theta rot   # vib modes   theta vib1...                   gvib1, gvib2...      #el degen   go , g1, ...                 Theta el....                                       DelHf at 0K  DelHf at 298K  Ionization Energy
N2    28.0134	    2.0    2.0     2.90        1             3390.0                         1.0                    2        1.0   2.0                      0.0  99600.0                                     0.0          0.0            0.0
O2    31.9988       2.0    2.0     2.08        1             2274.5                         1.0                    2        3.0   2.0                      0.0  11400.0                                     0.0          0.0            0.0
N     14.0067       0.0    1.0     0.0         0                                                                   5        4.0   6.0   4.0   2.0   4.0    0.0  27691.58   27704.14   41540.58   41541.14   470820.0     472683.0       0.0
O     15.9994       0.0    1.0     0.0         0                                                                   5        5.0   3.0   1.0   5.0   1.0    0.0  227.812    326.7188   22840.773  48642.263  246790.0     249173.0       0.0
NO    30.00610      2.0    1.0     2.45        1             2740.02                        1.0                    2        2.0   2.0                      0.0  174.316                                     89775.0      90291.0        0.0
NO+   30.00555      2.0    1.0     2.88        1             3421.58                        1.0                    1        1.0                            0.0                                              983995.0     990185.0       897912.0
e-    0.00054858    0.0    1.0     0.0         0                                                                   1        2.0                            0.0                                              0.0          0.0            0.0
N+    14.00615      0.0    1.0     0.0         0                                                                   5        1.0   3.0   5.0   5.0   1.0    0.0  70.10      188.277    22046.54   47053.12   1873152.0    1882130.0      1402331.2
O+    15.99885      0.0    1.0     0.0         0                                                                   5        4.0   6.0   4.0   4.0   2.0    0.0  38592.03   38620.53   58249.12   58251.28   1560733.0    1170888.0      1313612.0
Ar    39.948        0.0    1.0     0.0         0                                                                   1        1.0                            0.0                                              0.0             0.0         0.0
CO2   44.01         2.0    2.0     0.561428    3             1917.902  959.67  3379.709      1.0   2.0  1.0        2        1.0   1.0                      0.0  66184.17                                    -393151.0    -393522.0      0.0                   
CO    28.0104       2.0    1.0     2.777       1             3121.317                        1.0                   1        1.0                            0.0                                              -113805.0    -110527.0      0.0
H2O   18.01528      3.0    2.0     20.879      3             5261.64  2294.864  5404.082    1.0   1.0   1.0       2         1.0   1.0                      0.0  77406.71                                    -238921.0    -241826.0      0.0
H      1.00794      0.0    1.0      0.0        0                                                                   2        2.0   2.0                      0.0   118353.0                                    216035.0      217999.0      0.0 
H2     2.01588      2.0    2.0     87.55       1              6332.405                       1.0                   2        1.0  1.0                       0.0  131936.717                                   0.0           0.0          0.0 
CH4   16.04276      2.0    12.0    7.5409      4      4196.94  2207.098  4343.265  1879.055  1.0  2.0  3.0  3.0   2        1.0  1.0                       0.0   98887.76                                  -66911.0     -74873.0          0.0 
OH    17.00734      2.0    1.0     27.208      3      5377.839  4581.499  1352.459           2.0  2.0  2.0        4         2.0  2.0  2.0  2.0             0.0  200.293  47025.44 100389.885               38390.0       38987.0         0.0
